{
  "nbformat": 4,
  "nbformat_minor": 0,
  "metadata": {
    "colab": {
      "provenance": []
    },
    "kernelspec": {
      "name": "python3",
      "display_name": "Python 3"
    },
    "language_info": {
      "name": "python"
    }
  },
  "cells": [
    {
      "cell_type": "code",
      "source": [
        "import json\n",
        "import pandas as pd\n",
        "import numpy as np\n",
        "\n",
        "JSON_PATH = \"vit_chest_xray.json\"\n",
        "\n",
        "with open(JSON_PATH, \"r\") as f:\n",
        "    data = json.load(f)\n",
        "\n",
        "classes = data[\"classes\"]\n",
        "\n",
        "# ---- loss & acc to long df ----\n",
        "def metric_to_long(metric_dict, metric_name):\n",
        "    # metric_dict: {\"1.0000\": {\"Cardiomegaly\": 0.1636, ...}, ...}\n",
        "    rows = []\n",
        "    for rho_str, cls_map in metric_dict.items():\n",
        "        rho = float(rho_str)\n",
        "        for c in classes:\n",
        "            rows.append({\"rho\": rho, \"class\": c, \"metric\": metric_name, \"value\": float(cls_map[c])})\n",
        "    return pd.DataFrame(rows)\n",
        "\n",
        "df_loss = metric_to_long(data[\"loss\"], \"loss\")\n",
        "df_acc  = metric_to_long(data[\"accuracy\"], \"acc\")\n",
        "\n",
        "df_metrics = pd.concat([df_loss, df_acc], ignore_index=True)\n",
        "df_metrics[\"rho\"] = df_metrics[\"rho\"].astype(float)\n",
        "\n",
        "# sort rho from 1.0 -> small\n",
        "df_metrics = df_metrics.sort_values([\"metric\", \"class\", \"rho\"], ascending=[True, True, False])\n",
        "\n",
        "# ---- confidence dominance rates to long df ----\n",
        "# confidence_dominance_rate: {\"1.0000\": {\"0.9375\": {\"Cardiomegaly\":0.79,...}, ...}, ...}\n",
        "rows = []\n",
        "for rho1_str, inner in data[\"confidence_dominance_rate\"].items():\n",
        "    rho1 = float(rho1_str)\n",
        "    for rho2_str, cls_map in inner.items():\n",
        "        rho2 = float(rho2_str)\n",
        "        for c in classes:\n",
        "            rows.append({\n",
        "                \"rho1\": rho1, \"rho2\": rho2, \"class\": c,\n",
        "                \"rate\": float(cls_map[c])\n",
        "            })\n",
        "df_rate = pd.DataFrame(rows).sort_values([\"class\", \"rho1\", \"rho2\"], ascending=[True, False, False])\n",
        "\n",
        "df_metrics.head(), df_rate.head()\n"
      ],
      "metadata": {
        "colab": {
          "base_uri": "https://localhost:8080/"
        },
        "id": "9nwEdaUF5EmC",
        "outputId": "760bdf75-56c1-4c7f-f747-699ae53d87d3"
      },
      "execution_count": null,
      "outputs": [
        {
          "output_type": "execute_result",
          "data": {
            "text/plain": [
              "(        rho         class metric   value\n",
              " 80   1.0000  Cardiomegaly    acc  0.9786\n",
              " 85   0.9375  Cardiomegaly    acc  0.9487\n",
              " 90   0.8750  Cardiomegaly    acc  0.9701\n",
              " 95   0.8125  Cardiomegaly    acc  0.9573\n",
              " 100  0.7500  Cardiomegaly    acc  0.9573,\n",
              "     rho1    rho2         class    rate\n",
              " 0    1.0  0.9375  Cardiomegaly  0.7949\n",
              " 5    1.0  0.8750  Cardiomegaly  0.7735\n",
              " 10   1.0  0.8125  Cardiomegaly  0.7821\n",
              " 15   1.0  0.7500  Cardiomegaly  0.7778\n",
              " 20   1.0  0.6875  Cardiomegaly  0.7906)"
            ]
          },
          "metadata": {},
          "execution_count": 1
        }
      ]
    },
    {
      "cell_type": "code",
      "source": [
        "import numpy as np\n",
        "import pandas as pd\n",
        "import plotly.graph_objects as go\n",
        "from plotly.subplots import make_subplots\n",
        "\n",
        "def dominance_matrix_data(target_class):\n",
        "    d = df_rate[df_rate[\"class\"] == target_class].copy()\n",
        "\n",
        "    rhos = sorted(\n",
        "        list(set(d[\"rho1\"].unique()).union(set(d[\"rho2\"].unique())))\n",
        "    )\n",
        "\n",
        "    mat = pd.DataFrame(np.nan, index=rhos, columns=rhos)\n",
        "\n",
        "    for _, row in d.iterrows():\n",
        "        mat.loc[row[\"rho1\"], row[\"rho2\"]] = row[\"rate\"]\n",
        "\n",
        "    for i, iv in enumerate(rhos):\n",
        "        for j, jv in enumerate(rhos):\n",
        "            if i == j:\n",
        "                neighbors = []\n",
        "                if i - 1 >= 0: neighbors.append(mat.loc[rhos[i - 1], rhos[i]])\n",
        "                if i + 1 < len(rhos): neighbors.append(mat.loc[rhos[i + 1], rhos[i]])\n",
        "                if i - 1 >= 0: neighbors.append(mat.loc[rhos[i], rhos[i - 1]])\n",
        "                if i + 1 < len(rhos): neighbors.append(mat.loc[rhos[i], rhos[i+1]])\n",
        "                neighbors = [v for v in neighbors if not pd.isna(v)]\n",
        "                if len(neighbors) > 0:\n",
        "                    mat.loc[iv, iv] = np.mean(neighbors)\n",
        "            elif pd.isna(mat.loc[iv, jv]) and not pd.isna(mat.loc[jv, iv]):\n",
        "                mat.loc[iv, jv] = mat.loc[jv, iv]\n",
        "\n",
        "    mat = mat.loc[rhos, rhos]\n",
        "\n",
        "    def rho_to_label(rho):\n",
        "        size = int(round(224 * rho))\n",
        "        return f\"{size}×{size}\"\n",
        "\n",
        "    resolution_labels = [rho_to_label(r) for r in rhos]\n",
        "\n",
        "    return mat.values, resolution_labels\n",
        "\n",
        "\n",
        "classes = [\n",
        "    \"Cardiomegaly\",\n",
        "    \"Consolidation\",\n",
        "    \"Edema\",\n",
        "    \"Pneumonia\",\n",
        "    \"No Finding\"\n",
        "]\n",
        "\n",
        "fig = make_subplots(\n",
        "    rows=1,\n",
        "    cols=len(classes),\n",
        "    # subplot_titles=classes,\n",
        "    horizontal_spacing=0.0\n",
        ")\n",
        "\n",
        "for i, cls in enumerate(classes):\n",
        "    z, labels = dominance_matrix_data(cls)\n",
        "\n",
        "    fig.add_trace(\n",
        "        go.Heatmap(\n",
        "            z=z,\n",
        "            x=labels,\n",
        "            y=labels,\n",
        "            zmin=0.5,\n",
        "            zmax=1.0,\n",
        "            coloraxis=\"coloraxis\"   # 🔥 shared legend\n",
        "        ),\n",
        "        row=1,\n",
        "        col=i+1\n",
        "    )\n",
        "\n",
        "# 🔥 Rotate x tick labels\n",
        "for i in range(1, len(classes)+1):\n",
        "    fig.update_xaxes(\n",
        "        constrain='domain',\n",
        "        tickangle=45,      # try 45 or 60 for better readability\n",
        "        row=1,\n",
        "        col=i\n",
        "    )\n",
        "\n",
        "\n",
        "# 🔥 Shared colorbar\n",
        "fig.update_layout(\n",
        "    coloraxis=dict(\n",
        "        # colorscale=\"Viridis\",\n",
        "        cmin=0.5,\n",
        "        cmax=1.0,\n",
        "        colorbar=dict(\n",
        "            # title=\"P(conf[ρ1] > conf[ρ2])\",\n",
        "            len=1.2,\n",
        "            thickness=20\n",
        "        )\n",
        "    ),\n",
        "    height=450,\n",
        "    width=2000,\n",
        ")\n",
        "\n",
        "# 🔥 Force square cells\n",
        "for i in range(1, len(classes)+1):\n",
        "    fig.update_yaxes(scaleanchor=f\"x{i}\", scaleratio=1, row=1, col=i)\n",
        "\n",
        "fig.show()\n",
        "\n",
        "fig.write_html(\n",
        "    \"fig_plotly1.html\",\n",
        "    include_plotlyjs=\"cdn\",\n",
        "    config={\n",
        "        \"displayModeBar\": False\n",
        "    }\n",
        ")\n"
      ],
      "metadata": {
        "colab": {
          "base_uri": "https://localhost:8080/",
          "height": 467
        },
        "id": "rana0oy5NG25",
        "outputId": "fea15e5f-5793-47fe-e863-a9dd3c1cbaf9"
      },
      "execution_count": null,
      "outputs": [
        {
          "output_type": "display_data",
          "data": {
            "text/html": [
              "<html>\n",
              "<head><meta charset=\"utf-8\" /></head>\n",
              "<body>\n",
              "    <div>            <script src=\"https://cdnjs.cloudflare.com/ajax/libs/mathjax/2.7.5/MathJax.js?config=TeX-AMS-MML_SVG\"></script><script type=\"text/javascript\">if (window.MathJax && window.MathJax.Hub && window.MathJax.Hub.Config) {window.MathJax.Hub.Config({SVG: {font: \"STIX-Web\"}});}</script>                <script type=\"text/javascript\">window.PlotlyConfig = {MathJaxConfig: 'local'};</script>\n",
              "        <script charset=\"utf-8\" src=\"https://cdn.plot.ly/plotly-2.35.2.min.js\"></script>                <div id=\"7e4314e7-a4d2-4d5d-b0c3-0653f4bf99a1\" class=\"plotly-graph-div\" style=\"height:450px; width:2000px;\"></div>            <script type=\"text/javascript\">                                    window.PLOTLYENV=window.PLOTLYENV || {};                                    if (document.getElementById(\"7e4314e7-a4d2-4d5d-b0c3-0653f4bf99a1\")) {                    Plotly.newPlot(                        \"7e4314e7-a4d2-4d5d-b0c3-0653f4bf99a1\",                        [{\"coloraxis\":\"coloraxis\",\"x\":[\"14×14\",\"28×28\",\"42×42\",\"56×56\",\"70×70\",\"84×84\",\"98×98\",\"112×112\",\"126×126\",\"140×140\",\"154×154\",\"168×168\",\"182×182\",\"196×196\",\"210×210\",\"224×224\"],\"y\":[\"14×14\",\"28×28\",\"42×42\",\"56×56\",\"70×70\",\"84×84\",\"98×98\",\"112×112\",\"126×126\",\"140×140\",\"154×154\",\"168×168\",\"182×182\",\"196×196\",\"210×210\",\"224×224\"],\"z\":[[0.6111,0.6111,0.7479,0.7991,0.8803,0.8974,0.8974,0.8846,0.8803,0.9103,0.9188,0.9188,0.9145,0.9274,0.9145,0.9658],[0.6111,0.6466999999999999,0.7179,0.7991,0.8632,0.8846,0.8974,0.8846,0.8761,0.8932,0.9017,0.906,0.9231,0.9188,0.9145,0.9402],[0.7479,0.7179,0.7336,0.765,0.8205,0.859,0.8462,0.8376,0.8419,0.8504,0.8632,0.8632,0.8718,0.8718,0.8889,0.8932],[0.7991,0.7991,0.765,0.7635666666666667,0.7607,0.8248,0.8504,0.8547,0.8462,0.859,0.8718,0.8803,0.8846,0.8974,0.8932,0.906],[0.8803,0.8632,0.8205,0.7607,0.7621333333333333,0.765,0.8034,0.7821,0.8162,0.8376,0.8547,0.8504,0.8504,0.8718,0.8632,0.8889],[0.8974,0.8846,0.859,0.8248,0.765,0.755,0.735,0.7436,0.7863,0.7949,0.8504,0.8248,0.8248,0.859,0.8376,0.8675],[0.8974,0.8974,0.8462,0.8504,0.8034,0.735,0.6794666666666666,0.5684,0.7051,0.7692,0.8077,0.7863,0.7991,0.8205,0.7821,0.8504],[0.8846,0.8846,0.8376,0.8547,0.7821,0.7436,0.5684,0.6225333333333333,0.7308,0.8034,0.8248,0.8291,0.8205,0.8333,0.7778,0.859],[0.8803,0.8761,0.8419,0.8462,0.8162,0.7863,0.7051,0.7308,0.7151333333333333,0.6838,0.765,0.7564,0.7735,0.7949,0.7521,0.8291],[0.9103,0.8932,0.8504,0.859,0.8376,0.7949,0.7692,0.8034,0.6838,0.6752333333333332,0.6581,0.6624,0.7265,0.7308,0.6496,0.8034],[0.9188,0.9017,0.8632,0.8718,0.8547,0.8504,0.8077,0.8248,0.765,0.6581,0.6096666666666667,0.5128,0.6068,0.6667,0.5128,0.7906],[0.9188,0.906,0.8632,0.8803,0.8504,0.8248,0.7863,0.8291,0.7564,0.6624,0.5128,0.5455666666666666,0.6111,0.7094,0.5427,0.7778],[0.9145,0.9231,0.8718,0.8846,0.8504,0.8248,0.7991,0.8205,0.7735,0.7265,0.6068,0.6111,0.6068333333333333,0.5983,0.406,0.7821],[0.9274,0.9188,0.8718,0.8974,0.8718,0.859,0.8205,0.8333,0.7949,0.7308,0.6667,0.7094,0.5983,0.5042666666666668,0.3162,0.7735],[0.9145,0.9145,0.8889,0.8932,0.8632,0.8376,0.7821,0.7778,0.7521,0.6496,0.5128,0.5427,0.406,0.3162,0.47576666666666667,0.7949],[0.9658,0.9402,0.8932,0.906,0.8889,0.8675,0.8504,0.859,0.8291,0.8034,0.7906,0.7778,0.7821,0.7735,0.7949,0.7949]],\"zmax\":1.0,\"zmin\":0.5,\"type\":\"heatmap\",\"xaxis\":\"x\",\"yaxis\":\"y\"},{\"coloraxis\":\"coloraxis\",\"x\":[\"14×14\",\"28×28\",\"42×42\",\"56×56\",\"70×70\",\"84×84\",\"98×98\",\"112×112\",\"126×126\",\"140×140\",\"154×154\",\"168×168\",\"182×182\",\"196×196\",\"210×210\",\"224×224\"],\"y\":[\"14×14\",\"28×28\",\"42×42\",\"56×56\",\"70×70\",\"84×84\",\"98×98\",\"112×112\",\"126×126\",\"140×140\",\"154×154\",\"168×168\",\"182×182\",\"196×196\",\"210×210\",\"224×224\"],\"z\":[[0.7393,0.7393,0.7692,0.8291,0.8248,0.8462,0.8333,0.8291,0.859,0.8632,0.8761,0.8632,0.8761,0.8718,0.8718,0.9231],[0.7393,0.7193666666666667,0.6795,0.812,0.8333,0.8547,0.8462,0.8205,0.8632,0.8718,0.8803,0.8675,0.8761,0.8932,0.8718,0.9274],[0.7692,0.6795,0.7265,0.8205,0.8419,0.8291,0.8419,0.8248,0.8547,0.8547,0.8846,0.8675,0.8761,0.8675,0.8675,0.8932],[0.8291,0.812,0.8205,0.802,0.765,0.8077,0.7778,0.7521,0.7692,0.8162,0.8419,0.8419,0.8376,0.8462,0.8376,0.8632],[0.8248,0.8333,0.8419,0.765,0.7422,0.6966,0.6581,0.5983,0.688,0.7308,0.765,0.7692,0.7906,0.7991,0.7393,0.8419],[0.8462,0.8547,0.8291,0.8077,0.6966,0.6595666666666666,0.5855,0.5299,0.6624,0.7094,0.7308,0.7564,0.7436,0.7564,0.7308,0.859],[0.8333,0.8462,0.8419,0.7778,0.6581,0.5855,0.5470333333333334,0.4701,0.641,0.7436,0.7393,0.7265,0.7521,0.7692,0.7436,0.8675],[0.8291,0.8205,0.8248,0.7521,0.5983,0.5299,0.4701,0.5769333333333333,0.7906,0.8333,0.8291,0.8376,0.8333,0.8333,0.8291,0.8932],[0.859,0.8632,0.8547,0.7692,0.688,0.6624,0.641,0.7906,0.7606999999999999,0.7009,0.7308,0.7051,0.735,0.7692,0.7222,0.8718],[0.8632,0.8718,0.8547,0.8162,0.7308,0.7094,0.7436,0.8333,0.7009,0.6852,0.6538,0.6068,0.7436,0.735,0.6368,0.8291],[0.8761,0.8803,0.8846,0.8419,0.765,0.7308,0.7393,0.8291,0.7308,0.6538,0.5911333333333334,0.4658,0.6239,0.6838,0.4744,0.8162],[0.8632,0.8675,0.8675,0.8419,0.7692,0.7564,0.7265,0.8376,0.7051,0.6068,0.4658,0.5327666666666666,0.6667,0.7094,0.5043,0.8333],[0.8761,0.8761,0.8761,0.8376,0.7906,0.7436,0.7521,0.8333,0.735,0.7436,0.6239,0.6667,0.6453333333333333,0.6026,0.3419,0.8205],[0.8718,0.8932,0.8675,0.8462,0.7991,0.7564,0.7692,0.8333,0.7692,0.735,0.6838,0.7094,0.6026,0.5057333333333334,0.312,0.8291],[0.8718,0.8718,0.8675,0.8376,0.7393,0.7308,0.7436,0.8291,0.7222,0.6368,0.4744,0.5043,0.3419,0.312,0.4872,0.8376],[0.9231,0.9274,0.8932,0.8632,0.8419,0.859,0.8675,0.8932,0.8718,0.8291,0.8162,0.8333,0.8205,0.8291,0.8376,0.8376]],\"zmax\":1.0,\"zmin\":0.5,\"type\":\"heatmap\",\"xaxis\":\"x2\",\"yaxis\":\"y2\"},{\"coloraxis\":\"coloraxis\",\"x\":[\"14×14\",\"28×28\",\"42×42\",\"56×56\",\"70×70\",\"84×84\",\"98×98\",\"112×112\",\"126×126\",\"140×140\",\"154×154\",\"168×168\",\"182×182\",\"196×196\",\"210×210\",\"224×224\"],\"y\":[\"14×14\",\"28×28\",\"42×42\",\"56×56\",\"70×70\",\"84×84\",\"98×98\",\"112×112\",\"126×126\",\"140×140\",\"154×154\",\"168×168\",\"182×182\",\"196×196\",\"210×210\",\"224×224\"],\"z\":[[0.6624,0.6624,0.8547,0.8889,0.9103,0.9103,0.9017,0.9103,0.9402,0.9573,0.9444,0.9402,0.9573,0.9487,0.9573,0.9487],[0.6624,0.7136666666666667,0.8162,0.8889,0.8932,0.9103,0.9103,0.906,0.9274,0.9359,0.9402,0.9274,0.9444,0.9274,0.9359,0.9444],[0.8547,0.8162,0.8347333333333333,0.8718,0.8419,0.8932,0.9017,0.8974,0.9103,0.906,0.9188,0.9103,0.9145,0.9103,0.9103,0.9274],[0.8889,0.8889,0.8718,0.8119666666666667,0.6923,0.7991,0.7991,0.7821,0.8034,0.8333,0.8248,0.8205,0.8248,0.8205,0.8504,0.8419],[0.9103,0.8932,0.8419,0.6923,0.7065333333333333,0.735,0.7179,0.7222,0.735,0.7607,0.7735,0.765,0.7863,0.7821,0.7863,0.8077],[0.9103,0.9103,0.8932,0.7991,0.735,0.6965666666666667,0.6197,0.6239,0.6667,0.688,0.7051,0.7009,0.7179,0.7222,0.7265,0.7222],[0.9017,0.9103,0.9017,0.7991,0.7179,0.6197,0.5826333333333333,0.5085,0.6239,0.6667,0.688,0.6795,0.6966,0.6838,0.7137,0.7137],[0.9103,0.906,0.8974,0.7821,0.7222,0.6239,0.5085,0.5612333333333333,0.6667,0.6923,0.6795,0.6923,0.688,0.6709,0.6923,0.7222],[0.9402,0.9274,0.9103,0.8034,0.735,0.6667,0.6239,0.6667,0.6410333333333332,0.5897,0.6068,0.6496,0.6239,0.641,0.6667,0.6838],[0.9573,0.9359,0.906,0.8333,0.7607,0.688,0.6667,0.6923,0.5897,0.5925666666666668,0.5983,0.6026,0.6239,0.6282,0.6538,0.6239],[0.9444,0.9402,0.9188,0.8248,0.7735,0.7051,0.688,0.6795,0.6068,0.5983,0.5726666666666667,0.5214,0.5983,0.641,0.594,0.6068],[0.9402,0.9274,0.9103,0.8205,0.765,0.7009,0.6795,0.6923,0.6496,0.6026,0.5214,0.5284999999999999,0.5427,0.5855,0.6239,0.6026],[0.9573,0.9444,0.9145,0.8248,0.7863,0.7179,0.6966,0.688,0.6239,0.6239,0.5983,0.5427,0.5413,0.5385,0.5427,0.5769],[0.9487,0.9274,0.9103,0.8205,0.7821,0.7222,0.6838,0.6709,0.641,0.6282,0.641,0.5855,0.5385,0.5299333333333333,0.5128,0.5726],[0.9573,0.9359,0.9103,0.8504,0.7863,0.7265,0.7137,0.6923,0.6667,0.6538,0.594,0.6239,0.5427,0.5128,0.5327333333333333,0.5726],[0.9487,0.9444,0.9274,0.8419,0.8077,0.7222,0.7137,0.7222,0.6838,0.6239,0.6068,0.6026,0.5769,0.5726,0.5726,0.5726]],\"zmax\":1.0,\"zmin\":0.5,\"type\":\"heatmap\",\"xaxis\":\"x3\",\"yaxis\":\"y3\"},{\"coloraxis\":\"coloraxis\",\"x\":[\"14×14\",\"28×28\",\"42×42\",\"56×56\",\"70×70\",\"84×84\",\"98×98\",\"112×112\",\"126×126\",\"140×140\",\"154×154\",\"168×168\",\"182×182\",\"196×196\",\"210×210\",\"224×224\"],\"y\":[\"14×14\",\"28×28\",\"42×42\",\"56×56\",\"70×70\",\"84×84\",\"98×98\",\"112×112\",\"126×126\",\"140×140\",\"154×154\",\"168×168\",\"182×182\",\"196×196\",\"210×210\",\"224×224\"],\"z\":[[0.9701,0.9701,0.9829,0.9829,0.9744,0.9744,0.9786,0.9744,0.9786,0.9786,0.9786,0.9829,0.9829,0.9786,0.9786,0.9744],[0.9701,0.9344666666666667,0.8632,0.9658,0.9615,0.9487,0.9573,0.9615,0.9615,0.9615,0.9444,0.9573,0.953,0.9487,0.9573,0.9615],[0.9829,0.8632,0.8603666666666667,0.8547,0.9359,0.9701,0.9658,0.9573,0.9487,0.9188,0.9231,0.9188,0.9188,0.9145,0.9274,0.9316],[0.9829,0.9658,0.8547,0.8390333333333334,0.8077,0.8718,0.9103,0.9145,0.9145,0.8889,0.8632,0.8547,0.8547,0.8462,0.8932,0.8761],[0.9744,0.9615,0.9359,0.8077,0.8091333333333334,0.812,0.8675,0.8761,0.8675,0.8462,0.8291,0.8291,0.812,0.812,0.8504,0.8419],[0.9744,0.9487,0.9701,0.8718,0.812,0.8091333333333335,0.8034,0.812,0.7735,0.7821,0.7692,0.7521,0.7607,0.7521,0.7991,0.7863],[0.9786,0.9573,0.9658,0.9103,0.8675,0.8034,0.7350333333333333,0.5983,0.6453,0.6282,0.5897,0.5983,0.5769,0.5855,0.6581,0.6795],[0.9744,0.9615,0.9573,0.9145,0.8761,0.812,0.5983,0.5983,0.5983,0.5812,0.5556,0.5385,0.5385,0.5342,0.6239,0.6667],[0.9786,0.9615,0.9487,0.9145,0.8675,0.7735,0.6453,0.5983,0.5669666666666667,0.5043,0.4915,0.4573,0.4744,0.4274,0.6197,0.6325],[0.9786,0.9615,0.9188,0.8889,0.8462,0.7821,0.6282,0.5812,0.5043,0.49289999999999995,0.4701,0.4615,0.4487,0.4274,0.5812,0.6368],[0.9786,0.9444,0.9231,0.8632,0.8291,0.7692,0.5897,0.5556,0.4915,0.4701,0.47293333333333337,0.4786,0.4872,0.3846,0.6496,0.6581],[0.9829,0.9573,0.9188,0.8547,0.8291,0.7521,0.5983,0.5385,0.4573,0.4615,0.4786,0.49143333333333333,0.5171,0.4316,0.7265,0.6838],[0.9829,0.953,0.9188,0.8547,0.812,0.7607,0.5769,0.5385,0.4744,0.4487,0.4872,0.5171,0.5014333333333334,0.4701,0.7051,0.7009],[0.9786,0.9487,0.9145,0.8462,0.812,0.7521,0.5855,0.5342,0.4274,0.4274,0.3846,0.4316,0.4701,0.5498666666666666,0.7094,0.765],[0.9786,0.9573,0.9274,0.8932,0.8504,0.7991,0.6581,0.6239,0.6197,0.5812,0.6496,0.7265,0.7051,0.7094,0.6766333333333333,0.6111],[0.9744,0.9615,0.9316,0.8761,0.8419,0.7863,0.6795,0.6667,0.6325,0.6368,0.6581,0.6838,0.7009,0.765,0.6111,0.6111]],\"zmax\":1.0,\"zmin\":0.5,\"type\":\"heatmap\",\"xaxis\":\"x4\",\"yaxis\":\"y4\"},{\"coloraxis\":\"coloraxis\",\"x\":[\"14×14\",\"28×28\",\"42×42\",\"56×56\",\"70×70\",\"84×84\",\"98×98\",\"112×112\",\"126×126\",\"140×140\",\"154×154\",\"168×168\",\"182×182\",\"196×196\",\"210×210\",\"224×224\"],\"y\":[\"14×14\",\"28×28\",\"42×42\",\"56×56\",\"70×70\",\"84×84\",\"98×98\",\"112×112\",\"126×126\",\"140×140\",\"154×154\",\"168×168\",\"182×182\",\"196×196\",\"210×210\",\"224×224\"],\"z\":[[0.8034,0.8034,0.8932,0.8974,0.906,0.9402,0.9701,0.9658,0.9701,0.9615,0.9829,0.9786,0.9786,0.9744,0.9744,0.9957],[0.8034,0.7906,0.765,0.812,0.8248,0.8889,0.9274,0.9274,0.9487,0.9487,0.9573,0.9444,0.9573,0.9615,0.9487,0.9829],[0.8932,0.765,0.7422,0.6966,0.7735,0.9017,0.9444,0.9359,0.953,0.9658,0.9658,0.9701,0.9701,0.9744,0.9701,0.9658],[0.8974,0.812,0.6966,0.7222333333333334,0.7735,0.9188,0.9615,0.9316,0.9402,0.953,0.9658,0.9615,0.9744,0.9701,0.9615,0.9786],[0.906,0.8248,0.7735,0.7735,0.8005666666666666,0.8547,0.9487,0.9188,0.9316,0.9274,0.9487,0.9487,0.9573,0.9658,0.953,0.9658],[0.9402,0.8889,0.9017,0.9188,0.8547,0.8632333333333332,0.8803,0.8504,0.9359,0.9103,0.9359,0.9316,0.9402,0.9487,0.9231,0.9231],[0.9701,0.9274,0.9444,0.9615,0.9487,0.8803,0.7905666666666668,0.6111,0.8462,0.8632,0.8932,0.8889,0.9145,0.9231,0.8761,0.8462],[0.9658,0.9274,0.9359,0.9316,0.9188,0.8504,0.6111,0.7051333333333334,0.8932,0.9103,0.9231,0.9316,0.9359,0.9231,0.8932,0.8333],[0.9701,0.9487,0.953,0.9402,0.9316,0.9359,0.8462,0.8932,0.8134,0.6538,0.8376,0.7991,0.8291,0.8376,0.6795,0.6752],[0.9615,0.9487,0.9658,0.953,0.9274,0.9103,0.8632,0.9103,0.6538,0.6695000000000001,0.7009,0.7308,0.8205,0.7949,0.5641,0.6197],[0.9829,0.9573,0.9658,0.9658,0.9487,0.9359,0.8932,0.9231,0.8376,0.7009,0.6410666666666667,0.5214,0.6581,0.7094,0.3376,0.5385],[0.9786,0.9444,0.9701,0.9615,0.9487,0.9316,0.8889,0.9316,0.7991,0.7308,0.5214,0.5740999999999999,0.6795,0.7607,0.2991,0.547],[0.9786,0.9573,0.9701,0.9744,0.9573,0.9402,0.9145,0.9359,0.8291,0.8205,0.6581,0.6795,0.6567,0.6111,0.1752,0.4872],[0.9744,0.9615,0.9744,0.9701,0.9658,0.9487,0.9231,0.9231,0.8376,0.7949,0.7094,0.7607,0.6111,0.4743666666666666,0.2009,0.4402],[0.9744,0.9487,0.9701,0.9615,0.953,0.9231,0.8761,0.8932,0.6795,0.5641,0.3376,0.2991,0.1752,0.2009,0.3405,0.6197],[0.9957,0.9829,0.9658,0.9786,0.9658,0.9231,0.8462,0.8333,0.6752,0.6197,0.5385,0.547,0.4872,0.4402,0.6197,0.6197]],\"zmax\":1.0,\"zmin\":0.5,\"type\":\"heatmap\",\"xaxis\":\"x5\",\"yaxis\":\"y5\"}],                        {\"template\":{\"data\":{\"histogram2dcontour\":[{\"type\":\"histogram2dcontour\",\"colorbar\":{\"outlinewidth\":0,\"ticks\":\"\"},\"colorscale\":[[0.0,\"#0d0887\"],[0.1111111111111111,\"#46039f\"],[0.2222222222222222,\"#7201a8\"],[0.3333333333333333,\"#9c179e\"],[0.4444444444444444,\"#bd3786\"],[0.5555555555555556,\"#d8576b\"],[0.6666666666666666,\"#ed7953\"],[0.7777777777777778,\"#fb9f3a\"],[0.8888888888888888,\"#fdca26\"],[1.0,\"#f0f921\"]]}],\"choropleth\":[{\"type\":\"choropleth\",\"colorbar\":{\"outlinewidth\":0,\"ticks\":\"\"}}],\"histogram2d\":[{\"type\":\"histogram2d\",\"colorbar\":{\"outlinewidth\":0,\"ticks\":\"\"},\"colorscale\":[[0.0,\"#0d0887\"],[0.1111111111111111,\"#46039f\"],[0.2222222222222222,\"#7201a8\"],[0.3333333333333333,\"#9c179e\"],[0.4444444444444444,\"#bd3786\"],[0.5555555555555556,\"#d8576b\"],[0.6666666666666666,\"#ed7953\"],[0.7777777777777778,\"#fb9f3a\"],[0.8888888888888888,\"#fdca26\"],[1.0,\"#f0f921\"]]}],\"heatmap\":[{\"type\":\"heatmap\",\"colorbar\":{\"outlinewidth\":0,\"ticks\":\"\"},\"colorscale\":[[0.0,\"#0d0887\"],[0.1111111111111111,\"#46039f\"],[0.2222222222222222,\"#7201a8\"],[0.3333333333333333,\"#9c179e\"],[0.4444444444444444,\"#bd3786\"],[0.5555555555555556,\"#d8576b\"],[0.6666666666666666,\"#ed7953\"],[0.7777777777777778,\"#fb9f3a\"],[0.8888888888888888,\"#fdca26\"],[1.0,\"#f0f921\"]]}],\"heatmapgl\":[{\"type\":\"heatmapgl\",\"colorbar\":{\"outlinewidth\":0,\"ticks\":\"\"},\"colorscale\":[[0.0,\"#0d0887\"],[0.1111111111111111,\"#46039f\"],[0.2222222222222222,\"#7201a8\"],[0.3333333333333333,\"#9c179e\"],[0.4444444444444444,\"#bd3786\"],[0.5555555555555556,\"#d8576b\"],[0.6666666666666666,\"#ed7953\"],[0.7777777777777778,\"#fb9f3a\"],[0.8888888888888888,\"#fdca26\"],[1.0,\"#f0f921\"]]}],\"contourcarpet\":[{\"type\":\"contourcarpet\",\"colorbar\":{\"outlinewidth\":0,\"ticks\":\"\"}}],\"contour\":[{\"type\":\"contour\",\"colorbar\":{\"outlinewidth\":0,\"ticks\":\"\"},\"colorscale\":[[0.0,\"#0d0887\"],[0.1111111111111111,\"#46039f\"],[0.2222222222222222,\"#7201a8\"],[0.3333333333333333,\"#9c179e\"],[0.4444444444444444,\"#bd3786\"],[0.5555555555555556,\"#d8576b\"],[0.6666666666666666,\"#ed7953\"],[0.7777777777777778,\"#fb9f3a\"],[0.8888888888888888,\"#fdca26\"],[1.0,\"#f0f921\"]]}],\"surface\":[{\"type\":\"surface\",\"colorbar\":{\"outlinewidth\":0,\"ticks\":\"\"},\"colorscale\":[[0.0,\"#0d0887\"],[0.1111111111111111,\"#46039f\"],[0.2222222222222222,\"#7201a8\"],[0.3333333333333333,\"#9c179e\"],[0.4444444444444444,\"#bd3786\"],[0.5555555555555556,\"#d8576b\"],[0.6666666666666666,\"#ed7953\"],[0.7777777777777778,\"#fb9f3a\"],[0.8888888888888888,\"#fdca26\"],[1.0,\"#f0f921\"]]}],\"mesh3d\":[{\"type\":\"mesh3d\",\"colorbar\":{\"outlinewidth\":0,\"ticks\":\"\"}}],\"scatter\":[{\"fillpattern\":{\"fillmode\":\"overlay\",\"size\":10,\"solidity\":0.2},\"type\":\"scatter\"}],\"parcoords\":[{\"type\":\"parcoords\",\"line\":{\"colorbar\":{\"outlinewidth\":0,\"ticks\":\"\"}}}],\"scatterpolargl\":[{\"type\":\"scatterpolargl\",\"marker\":{\"colorbar\":{\"outlinewidth\":0,\"ticks\":\"\"}}}],\"bar\":[{\"error_x\":{\"color\":\"#2a3f5f\"},\"error_y\":{\"color\":\"#2a3f5f\"},\"marker\":{\"line\":{\"color\":\"#E5ECF6\",\"width\":0.5},\"pattern\":{\"fillmode\":\"overlay\",\"size\":10,\"solidity\":0.2}},\"type\":\"bar\"}],\"scattergeo\":[{\"type\":\"scattergeo\",\"marker\":{\"colorbar\":{\"outlinewidth\":0,\"ticks\":\"\"}}}],\"scatterpolar\":[{\"type\":\"scatterpolar\",\"marker\":{\"colorbar\":{\"outlinewidth\":0,\"ticks\":\"\"}}}],\"histogram\":[{\"marker\":{\"pattern\":{\"fillmode\":\"overlay\",\"size\":10,\"solidity\":0.2}},\"type\":\"histogram\"}],\"scattergl\":[{\"type\":\"scattergl\",\"marker\":{\"colorbar\":{\"outlinewidth\":0,\"ticks\":\"\"}}}],\"scatter3d\":[{\"type\":\"scatter3d\",\"line\":{\"colorbar\":{\"outlinewidth\":0,\"ticks\":\"\"}},\"marker\":{\"colorbar\":{\"outlinewidth\":0,\"ticks\":\"\"}}}],\"scattermapbox\":[{\"type\":\"scattermapbox\",\"marker\":{\"colorbar\":{\"outlinewidth\":0,\"ticks\":\"\"}}}],\"scatterternary\":[{\"type\":\"scatterternary\",\"marker\":{\"colorbar\":{\"outlinewidth\":0,\"ticks\":\"\"}}}],\"scattercarpet\":[{\"type\":\"scattercarpet\",\"marker\":{\"colorbar\":{\"outlinewidth\":0,\"ticks\":\"\"}}}],\"carpet\":[{\"aaxis\":{\"endlinecolor\":\"#2a3f5f\",\"gridcolor\":\"white\",\"linecolor\":\"white\",\"minorgridcolor\":\"white\",\"startlinecolor\":\"#2a3f5f\"},\"baxis\":{\"endlinecolor\":\"#2a3f5f\",\"gridcolor\":\"white\",\"linecolor\":\"white\",\"minorgridcolor\":\"white\",\"startlinecolor\":\"#2a3f5f\"},\"type\":\"carpet\"}],\"table\":[{\"cells\":{\"fill\":{\"color\":\"#EBF0F8\"},\"line\":{\"color\":\"white\"}},\"header\":{\"fill\":{\"color\":\"#C8D4E3\"},\"line\":{\"color\":\"white\"}},\"type\":\"table\"}],\"barpolar\":[{\"marker\":{\"line\":{\"color\":\"#E5ECF6\",\"width\":0.5},\"pattern\":{\"fillmode\":\"overlay\",\"size\":10,\"solidity\":0.2}},\"type\":\"barpolar\"}],\"pie\":[{\"automargin\":true,\"type\":\"pie\"}]},\"layout\":{\"autotypenumbers\":\"strict\",\"colorway\":[\"#636efa\",\"#EF553B\",\"#00cc96\",\"#ab63fa\",\"#FFA15A\",\"#19d3f3\",\"#FF6692\",\"#B6E880\",\"#FF97FF\",\"#FECB52\"],\"font\":{\"color\":\"#2a3f5f\"},\"hovermode\":\"closest\",\"hoverlabel\":{\"align\":\"left\"},\"paper_bgcolor\":\"white\",\"plot_bgcolor\":\"#E5ECF6\",\"polar\":{\"bgcolor\":\"#E5ECF6\",\"angularaxis\":{\"gridcolor\":\"white\",\"linecolor\":\"white\",\"ticks\":\"\"},\"radialaxis\":{\"gridcolor\":\"white\",\"linecolor\":\"white\",\"ticks\":\"\"}},\"ternary\":{\"bgcolor\":\"#E5ECF6\",\"aaxis\":{\"gridcolor\":\"white\",\"linecolor\":\"white\",\"ticks\":\"\"},\"baxis\":{\"gridcolor\":\"white\",\"linecolor\":\"white\",\"ticks\":\"\"},\"caxis\":{\"gridcolor\":\"white\",\"linecolor\":\"white\",\"ticks\":\"\"}},\"coloraxis\":{\"colorbar\":{\"outlinewidth\":0,\"ticks\":\"\"}},\"colorscale\":{\"sequential\":[[0.0,\"#0d0887\"],[0.1111111111111111,\"#46039f\"],[0.2222222222222222,\"#7201a8\"],[0.3333333333333333,\"#9c179e\"],[0.4444444444444444,\"#bd3786\"],[0.5555555555555556,\"#d8576b\"],[0.6666666666666666,\"#ed7953\"],[0.7777777777777778,\"#fb9f3a\"],[0.8888888888888888,\"#fdca26\"],[1.0,\"#f0f921\"]],\"sequentialminus\":[[0.0,\"#0d0887\"],[0.1111111111111111,\"#46039f\"],[0.2222222222222222,\"#7201a8\"],[0.3333333333333333,\"#9c179e\"],[0.4444444444444444,\"#bd3786\"],[0.5555555555555556,\"#d8576b\"],[0.6666666666666666,\"#ed7953\"],[0.7777777777777778,\"#fb9f3a\"],[0.8888888888888888,\"#fdca26\"],[1.0,\"#f0f921\"]],\"diverging\":[[0,\"#8e0152\"],[0.1,\"#c51b7d\"],[0.2,\"#de77ae\"],[0.3,\"#f1b6da\"],[0.4,\"#fde0ef\"],[0.5,\"#f7f7f7\"],[0.6,\"#e6f5d0\"],[0.7,\"#b8e186\"],[0.8,\"#7fbc41\"],[0.9,\"#4d9221\"],[1,\"#276419\"]]},\"xaxis\":{\"gridcolor\":\"white\",\"linecolor\":\"white\",\"ticks\":\"\",\"title\":{\"standoff\":15},\"zerolinecolor\":\"white\",\"automargin\":true,\"zerolinewidth\":2},\"yaxis\":{\"gridcolor\":\"white\",\"linecolor\":\"white\",\"ticks\":\"\",\"title\":{\"standoff\":15},\"zerolinecolor\":\"white\",\"automargin\":true,\"zerolinewidth\":2},\"scene\":{\"xaxis\":{\"backgroundcolor\":\"#E5ECF6\",\"gridcolor\":\"white\",\"linecolor\":\"white\",\"showbackground\":true,\"ticks\":\"\",\"zerolinecolor\":\"white\",\"gridwidth\":2},\"yaxis\":{\"backgroundcolor\":\"#E5ECF6\",\"gridcolor\":\"white\",\"linecolor\":\"white\",\"showbackground\":true,\"ticks\":\"\",\"zerolinecolor\":\"white\",\"gridwidth\":2},\"zaxis\":{\"backgroundcolor\":\"#E5ECF6\",\"gridcolor\":\"white\",\"linecolor\":\"white\",\"showbackground\":true,\"ticks\":\"\",\"zerolinecolor\":\"white\",\"gridwidth\":2}},\"shapedefaults\":{\"line\":{\"color\":\"#2a3f5f\"}},\"annotationdefaults\":{\"arrowcolor\":\"#2a3f5f\",\"arrowhead\":0,\"arrowwidth\":1},\"geo\":{\"bgcolor\":\"white\",\"landcolor\":\"#E5ECF6\",\"subunitcolor\":\"white\",\"showland\":true,\"showlakes\":true,\"lakecolor\":\"white\"},\"title\":{\"x\":0.05},\"mapbox\":{\"style\":\"light\"}}},\"xaxis\":{\"anchor\":\"y\",\"domain\":[0.0,0.2],\"constrain\":\"domain\",\"tickangle\":45},\"yaxis\":{\"anchor\":\"x\",\"domain\":[0.0,1.0],\"scaleanchor\":\"x\",\"scaleratio\":1},\"xaxis2\":{\"anchor\":\"y2\",\"domain\":[0.2,0.4],\"constrain\":\"domain\",\"tickangle\":45},\"yaxis2\":{\"anchor\":\"x2\",\"domain\":[0.0,1.0],\"scaleanchor\":\"x2\",\"scaleratio\":1},\"xaxis3\":{\"anchor\":\"y3\",\"domain\":[0.4,0.6000000000000001],\"constrain\":\"domain\",\"tickangle\":45},\"yaxis3\":{\"anchor\":\"x3\",\"domain\":[0.0,1.0],\"scaleanchor\":\"x3\",\"scaleratio\":1},\"xaxis4\":{\"anchor\":\"y4\",\"domain\":[0.6000000000000001,0.8],\"constrain\":\"domain\",\"tickangle\":45},\"yaxis4\":{\"anchor\":\"x4\",\"domain\":[0.0,1.0],\"scaleanchor\":\"x4\",\"scaleratio\":1},\"xaxis5\":{\"anchor\":\"y5\",\"domain\":[0.8,1.0],\"constrain\":\"domain\",\"tickangle\":45},\"yaxis5\":{\"anchor\":\"x5\",\"domain\":[0.0,1.0],\"scaleanchor\":\"x5\",\"scaleratio\":1},\"coloraxis\":{\"colorbar\":{\"len\":1.2,\"thickness\":20},\"cmin\":0.5,\"cmax\":1.0},\"height\":450,\"width\":2000},                        {\"responsive\": true}                    ).then(function(){\n",
              "                            \n",
              "var gd = document.getElementById('7e4314e7-a4d2-4d5d-b0c3-0653f4bf99a1');\n",
              "var x = new MutationObserver(function (mutations, observer) {{\n",
              "        var display = window.getComputedStyle(gd).display;\n",
              "        if (!display || display === 'none') {{\n",
              "            console.log([gd, 'removed!']);\n",
              "            Plotly.purge(gd);\n",
              "            observer.disconnect();\n",
              "        }}\n",
              "}});\n",
              "\n",
              "// Listen for the removal of the full notebook cells\n",
              "var notebookContainer = gd.closest('#notebook-container');\n",
              "if (notebookContainer) {{\n",
              "    x.observe(notebookContainer, {childList: true});\n",
              "}}\n",
              "\n",
              "// Listen for the clearing of the current output cell\n",
              "var outputEl = gd.closest('.output');\n",
              "if (outputEl) {{\n",
              "    x.observe(outputEl, {childList: true});\n",
              "}}\n",
              "\n",
              "                        })                };                            </script>        </div>\n",
              "</body>\n",
              "</html>"
            ]
          },
          "metadata": {}
        }
      ]
    },
    {
      "cell_type": "code",
      "source": [
        "import json\n",
        "import pandas as pd\n",
        "import plotly.graph_objects as go\n",
        "from plotly.subplots import make_subplots\n",
        "\n",
        "JSON_PATH = \"vit_chest_xray.json\"\n",
        "\n",
        "with open(JSON_PATH, \"r\") as f:\n",
        "    data = json.load(f)\n",
        "\n",
        "# classes = data[\"classes\"]  # length = 5 in your case\n",
        "classes = ['Cardiomegaly', 'Edema', 'Consolidation', 'Pneumonia', 'No Finding']\n",
        "\n",
        "# ---- Convert to long df ----\n",
        "def metric_to_long(metric_dict, metric_name):\n",
        "    rows = []\n",
        "    for rho_str, cls_map in metric_dict.items():\n",
        "        rho = float(rho_str)\n",
        "        for c in classes:\n",
        "            rows.append({\"rho\": rho, \"class\": c, \"metric\": metric_name, \"value\": float(cls_map[c])})\n",
        "    return pd.DataFrame(rows)\n",
        "\n",
        "def extract_confidence_dominance(conf_dict):\n",
        "    rows = []\n",
        "\n",
        "    rho1_key = \"1.0000\"  # reference rho = 1.0\n",
        "\n",
        "    for rho2_str, cls_map in conf_dict[rho1_key].items():\n",
        "        rho2 = float(rho2_str)\n",
        "        for c in classes:\n",
        "            rows.append({\n",
        "                \"rho\": rho2,\n",
        "                \"class\": c,\n",
        "                \"metric\": \"ConfidenceDominance\",\n",
        "                \"value\": float(cls_map[c])\n",
        "            })\n",
        "\n",
        "    return pd.DataFrame(rows).sort_values([\"class\", \"rho\"], ascending=[True, False])\n",
        "\n",
        "df_acc  = metric_to_long(data[\"accuracy\"], \"Accuracy\")\n",
        "df_loss = metric_to_long(data[\"loss\"], \"Loss\")\n",
        "df_conf = extract_confidence_dominance(data[\"confidence_dominance_rate\"])\n",
        "df = pd.concat([df_acc, df_loss, df_conf], ignore_index=True)\n",
        "\n",
        "# Sort rho from 1.0 -> small\n",
        "rho_order = sorted(df[\"rho\"].unique(), reverse=True)\n",
        "print(f\"rho_order: {rho_order}\")\n",
        "\n",
        "def rho_to_label(rho):\n",
        "    size = int(round(224 * rho))\n",
        "    return f\"{size}×{size}\"\n",
        "\n",
        "labels = [rho_to_label(r) for r in rho_order]\n",
        "print(labels)\n",
        "\n",
        "# ---- 1x5 subplots, each with secondary y-axis ----\n",
        "fig = make_subplots(\n",
        "    rows=1,\n",
        "    cols=len(classes),\n",
        "    # subplot_titles=classes,\n",
        "    specs=[[{\"secondary_y\": True} for _ in classes]],\n",
        "    horizontal_spacing=0.03,\n",
        ")\n",
        "\n",
        "\n",
        "for i, c in enumerate(classes, start=1):\n",
        "    sub = df[df[\"class\"] == c].copy()\n",
        "\n",
        "    acc_series = (\n",
        "        sub[sub[\"metric\"] == \"Accuracy\"]\n",
        "        .set_index(\"rho\")\n",
        "        .reindex(rho_order)[\"value\"]\n",
        "    )\n",
        "    loss_series = (\n",
        "        sub[sub[\"metric\"] == \"Loss\"]\n",
        "        .set_index(\"rho\")\n",
        "        .reindex(rho_order)[\"value\"]\n",
        "    )\n",
        "    conf_series = (\n",
        "        sub[sub[\"metric\"] == \"ConfidenceDominance\"]\n",
        "        .set_index(\"rho\")\n",
        "        .reindex(rho_order)[\"value\"]\n",
        "    )\n",
        "\n",
        "    # Accuracy (left y-axis)\n",
        "    fig.add_trace(\n",
        "        go.Scatter(\n",
        "            x=labels,\n",
        "            y=acc_series,\n",
        "            mode=\"lines+markers\",\n",
        "            name=\"Accuracy\",\n",
        "            legendgroup=\"Accuracy\",\n",
        "            # showlegend=(i == 1),\n",
        "        ),\n",
        "        row=1, col=i, secondary_y=False\n",
        "    )\n",
        "\n",
        "    # Confidence Dominance (share Accuracy axis)\n",
        "    fig.add_trace(\n",
        "        go.Scatter(\n",
        "            x=labels,\n",
        "            y=conf_series,\n",
        "            mode=\"lines+markers\",\n",
        "            name=\"Conf. Dominance (1.0 → ρ)\",\n",
        "            legendgroup=\"ConfidenceDominance\",\n",
        "            line=dict(dash=\"dot\"),\n",
        "            # showlegend=(i == 1),\n",
        "        ),\n",
        "        row=1, col=i, secondary_y=False\n",
        "    )\n",
        "\n",
        "    # Axis titles per subplot\n",
        "    fig.update_xaxes(\n",
        "        # title_text=\"ρ\",\n",
        "        tickangle=45,\n",
        "        autorange=\"reversed\",\n",
        "        categoryorder=\"array\",\n",
        "        # categoryarray=rho_order,\n",
        "        row=1, col=i\n",
        "    )\n",
        "\n",
        "    # Axis titles per subplot\n",
        "    fig.update_yaxes(\n",
        "        # title_text=\"ACC & Conf. Dominance\",\n",
        "        row=1, col=i\n",
        "    )\n",
        "\n",
        "# ---- Global layout ----\n",
        "fig.update_layout(\n",
        "    height=420,\n",
        "    width=1600,\n",
        "    margin=dict(l=40, r=40, t=80, b=40),\n",
        "    template=\"plotly_white\",\n",
        "    plot_bgcolor=\"rgba(225,225,255,1)\",\n",
        "    paper_bgcolor=\"white\",\n",
        "    showlegend=False,\n",
        ")\n",
        "\n",
        "fig.show()\n",
        "\n",
        "fig.write_html(\n",
        "    \"fig_plotly2.html\",\n",
        "    include_plotlyjs=\"cdn\",\n",
        "    config={\n",
        "        \"displayModeBar\": False\n",
        "    }\n",
        ")"
      ],
      "metadata": {
        "colab": {
          "base_uri": "https://localhost:8080/",
          "height": 492
        },
        "id": "kPoGJw826JwY",
        "outputId": "822f816b-7c96-4255-a1c2-32643bcb199d"
      },
      "execution_count": null,
      "outputs": [
        {
          "output_type": "stream",
          "name": "stdout",
          "text": [
            "rho_order: [np.float64(1.0), np.float64(0.9375), np.float64(0.875), np.float64(0.8125), np.float64(0.75), np.float64(0.6875), np.float64(0.625), np.float64(0.5625), np.float64(0.5), np.float64(0.4375), np.float64(0.375), np.float64(0.3125), np.float64(0.25), np.float64(0.1875), np.float64(0.125), np.float64(0.0625)]\n",
            "['224×224', '210×210', '196×196', '182×182', '168×168', '154×154', '140×140', '126×126', '112×112', '98×98', '84×84', '70×70', '56×56', '42×42', '28×28', '14×14']\n"
          ]
        },
        {
          "output_type": "display_data",
          "data": {
            "text/html": [
              "<html>\n",
              "<head><meta charset=\"utf-8\" /></head>\n",
              "<body>\n",
              "    <div>            <script src=\"https://cdnjs.cloudflare.com/ajax/libs/mathjax/2.7.5/MathJax.js?config=TeX-AMS-MML_SVG\"></script><script type=\"text/javascript\">if (window.MathJax && window.MathJax.Hub && window.MathJax.Hub.Config) {window.MathJax.Hub.Config({SVG: {font: \"STIX-Web\"}});}</script>                <script type=\"text/javascript\">window.PlotlyConfig = {MathJaxConfig: 'local'};</script>\n",
